1230548796543467601
926367049708613642
1167817057727959141
1139890759353507851
746348747918934096
1073667773386993738
1156013849166741526
1076164440363376690
1096756603392381030
1197120509645688852
1171678505021493398
1078315806221402113
1181559462885068813
811853791716573185
788579147546886204
1159306531221799002
847182386667323442
1224028300419141672
1189484055775957040
1136625483598016563
1134007087387643994
1077390437372936212
985809280580083722
1197104681227407405
1192364911641243650
1142404152098562080
1133654022574841926
1043104306477408326
964396832232984616
947887095941300327
862028903035699240
1122085589186002995
1068122037169700884
1112299354179502100
1143116483644379136
1216002065478975552
1215979964189380638
1215098944959418398
1228589649484709969
1031176221947600977
1061311078048485416
1160439254380462221
905342669641891840
1206542767694544958
807870487085973514
1229428435441422366
1002605811991846986
1011623096236658738
1178713131313274895
897363797726085181
868374333519699988
1159497646776516618
1082658819538169966
1032352611824844920
1221357778690637834
1077222439358058607
1075429672009089084
1165246712235966516
1188429597939859529
972897221051830363
923843818212720641
1108316566061330472
969727881204883566
1056478267416248370
1070311990188314685
844184517748850739
1064215567080366163
1177581638507569222
1165509764625739810
1181151279326695505
1217764296507920415
1004671440857079858
844099069982277634
1142104706991267993
1182954024455122955
957240595863199794
1224639581228503104
1191070003517194383
950349868029861909
1102931072687280190
1040881997247164427
848094396003385345
1196863975044956185
1104029564721704970
1228625966931116112
1063450806055088198
1214823123892047927
1001886941064724520
1201948154401128468
869615097251762227
992459822714855465
451026652340813846
1137360713845837834
1190159213188620299
1120212274544660530
1069124705388347452
1228626971324452915
988436200698282054
1162626842012942476
1135554302618894356
1099685254291271700
1093404380809678868
235148962103951360
587466923764351008
1133696056417341460
889075413295464478
1196026685796143196
918435351373160468
1116246682686992445
1134006100069466154
1200313119965204502
1025697504907505715
1139755403266236516
1171048652446384190
1010812585072926851
1032704478601814027
841005907109478471
1143445016107307089
1078912676585029703
1054016898750226472
1100730760396296233
800198727776206889
1177232895287492651
1147164778985443359
1147834460990095441
1064078936495104000
1134752469575020584
808194467010052116
993577835908317244
994183403735896134
1111629906808414229
1154053274308202516
1228582240552878080
1094542332822556712
557628352828014614
1087230465095782410
1151789814585249792
1197876170004373548
887721100610510908
1010460498447315055
895913993452003358
1228578021406019626
1158058296926814228
936142847932002345
1228621276533362698
1104452090845208706
1112092657775300689
1129619631041159308
1202900116118183956
1078695591007227904
992472481224986737
1063410472294027355
787926860058591282
1198532628958171276
1183428954070192128
1221438927525642280
1124005856720208054
1209507246447398953
1041139108187218002
1199324117980168304
1120015092998737950
1132349955919581274
527061590269493248
282286160494067712
1119604201362833479
1182549195073277997
1088358025481424906
1001804469379547146
972879049556906055
1068086444645699655
863590480931061781
1183372107363663943
1004677825858650153
1225743844163719178
974689241336541224
870023626487902208
892414586274349096
967262412241776730
822331421640360008
1114450609232420985
1066361796237197352
782143601269276683
361326714078494740
903690362114158632
1211161393634607114
1229120809759408228
1170290830733488161
1228276691713916988
1128557476191666277
1122162917928865913
1108745839339372655
1228574580239630429
1106144624491368538
941258459066806273
1207722770687852605
585465140049346562
963385201378078800
1192387780077170728
1200366731764445256
864509504539459594
1157896862678929539
1166984323455533098
927539821323366460
692045914436796436
1118863459757596732
1165890677176008704
1016299291184209920
1182862811714551928
1203298876245803018
1081186588668723310
990255929255682058
1139132428351443094
1193841764801458248
922125377852280882
964707698492989522
1033698647264739388
940617739393966170
1074236375001485402
1100029903736406078
982129374184738896
1221437253876846633
1208412285899645060
898479832424415253
622464875955748876
1093916037658984598
1096093749123235883
963423357733314680
1212419658905550950
1215330705437884479
984426992000729108
1190623923100991522
1157658569508921354
1004562556670722129
1067273581765066762
1114844118204547106
812594585796214834
1160085091511435274
1228610609990598678
941584465321394226
1139849777866100847
1219134708345081866
988076101077188618
1134494624157810719
840938324914602004
1197125124994900051
845153824742440991
958497573151322172
1125503324280602734
1225750336833327229
1228626287023882280
1124387336382328842
1105855901790908516
1104427501419241482
1226065303147118622
963754610194006037
1148269330652467280
1227251325620715640
1062040335397691463
1127908257982324746
1086295316300562524
932195327749013566
1228620891534000198
949645499714134046
1046767048174350336
1097040661615747142
857127768617648168
1106603692846747668
1196859633831268405
1113949296874770553
838014175011405875
994987139496431696
1177795232692187211
1100309715398955088
1181179601247019070
1162252343149072395
1028016236963057695
1158791411047600189
1084373919017996309
1228630163848302712
979695030237274152
1148666137626820638
1191289300403363920
1149735686417686680
1228578892621807677
1087719569088589904
1173202853884596264
973562308490063972
1197108479815598124
1228579386408702024
1228627310878527643
942311994252480602
1207984599708467210
1097187597048086548
820279803608825866
1188316576252965005
1160523063935369236
1198863019652947999
1121800970918174872
914370913892450314
1118893800627109888
1002445912896970843
823776202744528976
1034802653538037841
1197217362986934433
919531075707998239
1075106473832624289
1183325873072525344
1003961218261848104
1194240043527716955
1228576347735986236
928313963878440960
886510589017485342
1076868848231383080
811970306335703101
1115955873102184499
1213800967947157534
1048521106891493386
1130155527863812278
1132933757091987527
1114415318606024824
1093585481272410222
1193937396392284170
1046060796498685973
1032591048356155442
952846045124120607
1069976049158459452
1223976514228322384
1228630533165027348
1208413306449297489
969826462351900682
1153450781090000956
759329667219325001
1174602019537944628
1170563849838149643
1176866285531959350
1148948261395255398
1138137759471652964
1212712690154217513
1201742992596271155
1225609252836474880
1143716343833694208
1189050285537099891
900593697794707516
1175347032572055596
811525918819745802
842705594460667947
1103658499763867658
474051954998509571
1221386904772153464
1189904918019063838
1003929486087172106
1110202663750078555
783202330757300274
1110889495412351127
1222462860391616575
1136966469377331231
1108058296822288444
1200855514125455500
1201155693894443142
1081989955020140695
1049939529399812137
1224225869103497217
796405997652410429
1195272999968964662
1210848837565161584
1192452552864825396
1206659324424884306
1125714583844302929
1198301469032587306
1014547750349717504
1228959804861452348
1173986315558207633
1089436803771138070
1183082493826576556
1100634675799662594
1094604954217480273
1222832601232969768
1214962263874863194
1161290798944493578
738733097343778822
1179749094894346250
877644741339144244
1160418099611304037
880120794372534343
1148147256692838411
155149108183695360
951749488106684437
1209110106533400609
938403003159941210
1161871850834493491
1177597685700755511
1130176129790128258
1163816774165336064
1133718287717511228
985715305454112818
1206281849320513568
1177239736365109280
968403919866834956
1170338894684897370
1173276813531824141
956189244970377318
1135635010536349958
1124980815193968710
993046162875625494
1205499090432163950
1141799331784044615
1133340955269926973
1228629471679217716
1124438344915501106
847132028277489665
763347700388593684
1202674045183598614
1121827828611166258
1170289545435152495
1228590796886904922
1213095495958921246
1121059357916926035
1182646592403165324
983042320079401041
1125005797919830046
1178726442218037308
1056467146831577119
1228577124240199721
1117244471466262600
1187678310524784706
1010810494782808085
907281893718913045
1097094620053241936
1046638115244228709
1228954849035423847
1229111943621644298
1095731098765496380
692323963602468914
1079273428743356447
1223782147945660497
800329211272364032
1056822425184112640
1087282349395411015
1119373467939242116
1152982342592380949
1228277247874699334
828899272559820850
776148245738160148
593385007708504064
1165630324357726261
910881343884390400
797717498472562740
1162744973230358559
936456490376659006
1222702848689573930
811832394570792971
734300187979153449
785563203933437962
1178880884917682206
1000375200732414002
1124022772532793485
1104267933653422191
915875929639772192
801067079628488734
1072491521514942514
956836948071284746
1113638936565264444
1160678539490762753
715796543004868680
663297787236057118
927813026923556884
1151896878628216854
1057587325850365972
920106619549941811
1161294244074500196
1155772612031561799
1095657768674922517
1178186350063792138
999304957092167720
1154798769477529610
1147018631574736936
762322045550723093
800715682366881822
822747507669991435
1121368265755742328
1015588650668523601
1122175993742905364
1114534889199517706
847274495186305035
1180096202713346128
1035153302758883328
1129009957812064287
974607527620780042
1122475812164222978
1187347103379361874
1180162292101423185
1228669465265438760
847109212685467648
1225751366790545410
1149974832763641938
830478666114924624
1142171354540548116
1193868240162660465
1064755853233758239
843018208088424478
1214564184118009906
1176499433337262084
1039941087697043476
1076771197158699009
1156232748822953994
841508952880971776
1172440203890282509
1110797673088417792
1219457314017247263
855322189052903456
851770656785039400
1191625684272021505
1171083301243588721
1209862977042513950
1211385693360758795
1185898926331674754
1131232689618436207
1061939541042266173
1213797694104018975
848464871157661717
1038364898234744843
1216411824027861122
1171288433105313884
513423712582762502
1193934430872547363
1091989716833939486
802502283111301120
709086117143773276
1228578332845543505
1171324512705445922
1228627973544869991
1197106775887978599
1229040125418278923
932861441835425812
1123551234712944710
1069806623935180800
1151798042786283530
1187952239214604383
1049137600121802792
1166259714091384882
1115560235415912568
997884060821102592
1209883611382419597
1055353881657356309
875658772767473685
1184876762316935189
909741930244608040
1169908974137647160
1179300513414647861
839405733023711232
1103620672611160074
1026454772867412048
1116384654094766241
802462989675659274
1158753193732349962
833685141742288937
379072520936226829
1100057238195941386
1083719421152985188
974991890304893029
1228620617255751701
1185837712406753293
1137360291986952224
1026066555081072670
1184852303321247814
1114599300543025173
1123766530165968897
649224444056961054
1089073112567525407
1109045706938929214
996417243963469894
1189434360655519814
1181236990281261089
927480625441689600
862294952520450059
996014155226173560
995168540355215462
927888267846770718
1188583094987538485
1203207030756745299
1186639234602389614
1229430432517587018
1197203597616754839
1228627653188255745
859402231090642964
1198250910833442847
1166317060054327359
885511168096104518
1188639440197922896
1042611506505854987
816747912888975362
1191280638452584470
794199731181715486
1229843610258767932
1214895935579234334
1189068285602447401
676303263410421761
765856774481641472
708240050126585876
1150135100026138624
1116615613964632124
720351927581278219
1095746839237636237
1167330460083441664
1204817063227687022
1140122044676198411
1228592067630858283
1160965719748513863
1162571683316641833
1186446867341520907
1128921784213831720
1196013635919695992
1225745007638482989
1180163356796125254
1216325519797256233
599858407809351693
1228622764064243733
818406622091018250
1222240876617662555
1199735560592441415
1007236273175527494
1228275454969118740
1166178603109720104
1118907587065295059
1228591700641972344
878540445813194804
1156840472048828478
931822273030148126
1035147899035734076
853327905357561948
1097517174911934596
1187061806313779311
1228581247970709596
1178618263735898192
1084793659041529867
1228961280816054305
1228623620738388068
1091293056155779102
985965020796055632
1177417211762192455
896376372241506354
971375584309551174
1006986040214564935
1217779515473006634
1228962355740803153
921576571322662932
723638209007058985
936926338932162641
951616448235712572
892769479661084723
1086287304714366986
1056865982167138394
1219570663107465312
1063817544504451132
491769129318088714
1104383709727170590
1158569859903402157
1130729934197903370
900370791873515531
1164641444045275239
1173526693558898718
805686664805875712
944448078730121257
1132570959392538695
1149648019659178024
1035181029675241503
1228575670288781335
989584596171644948
877853116819726356
1177830717846212661
1170548325347491882
1127201328431648868
931062981507297350
1083614706289348728
799597741583630348
1152276612654571561
1189140401609773116
1229352328507691068
1153589685558456400
1228590380434460713
1228628963832762432
1226074853598040115
1167694639030083685
989106455556788234
1228628340374769667
1214502785735983156
508391840525975553
1205092150535266339
1134168108425293965
1229753659169050677
1208205282673557525
1125674016527626290
979695491648466944
402187749819678740
1192013321843511377
1005106683938340945
1134544934574239825
1124216114147233864
1110521645128499210
1140593067494215691
1228577654395899977
1083649090262401064
1179715260064727135
1150398639466877079
1195285285148303442
282859044593598464
1177502055296933983
1229427840303235163
1228624135022706716
1126551793720111205
657863949257015296
1202222503238303754
1207246854581133343
1138788095475581029
879407030132166667
989198276051992646
931780960385650721
1017417303819821137
1130538426928726028
1189154033500438552
566417709206732801
1191390763821572180
1228276171762827327
1114900041405050931
1024337458327998525
1173180198062133358
1181141629717975101
1173943741875241052
875969761824088084
1172949308459458642
1173160809388580925
1096804293169913946
1154064621192355942
1105863595553730570
1161377691094761612
935784762612793354
843051155856949278
1228626657615544320
1197891993842495561
889132932931928095
1025738622030331914
1073190771978665984
536991182035746816
1159235749661659147
1061194986474975253
1178291594374434909
1218394682803884076
1193595802661167174
970977932992454696
1228620115801673761
1152670291798007949
1157643078669193286
824119071556763668
1130161599819300904
1123860207349530624
1180071455174709288
991243019368026154
1190482072779890760
1109027020895178792
1147782391419633754
938727557568815105
1158332365945458718
1197387673879461908
1139969707953360957
1175772678536315021
1010576525080399893
1228958221402898485
1168657458433118268
416358583220043796
1156183350734753812
711553831070072832
1158759889355685888
998706222414974976
943571724706938930
1197135875084132383
1118483398495842324
1161194021146853406
790914274422947861
1196061180863725619
982259143136145468
1153229991002251334
1165216514169913414
1008638365459021905
1197121870747684996
1019944176181329975
1127288100750639114
854056089402474498
1046076911429894304
1228273864442777653
1149592962238517329
408785106942164992
1085808908989370438
1172822930967765096
1158257750254563338
